    Finished `test` profile [unoptimized + debuginfo] target(s) in 0.03s
     Running unittests src\lib.rs (target\debug\deps\tpt_x25519-7c4ce3802678e0af.exe)
REDUCE in=[62778061716258658, 10853412720147388, 44567106321807648, 31625662234968548, 36836750253735185, 58180622853956777, 4966389010251831, 13029241528650415] out=[62778061716258658, 10853412720147388, 44567106321807648, 31625662234968548, 36836750253735185, 58180622853956777, 4966389010251831, 13029241528650415]
REDUCE in=[5862094764323871, 12955060274761640, 37974240322236932, 35470941978310743, 64930020345417854, 35524779629134858, 8528616174516179, 33112254569864662] out=[5862094764323871, 12955060274761640, 37974240322236932, 35470941978310743, 64930020345417854, 35524779629134858, 8528616174516179, 33112254569864662]
REDUCE in=[68640156480582529, 23808472994909028, 10483752606116644, 67096604213279292, 29709176561225103, 21647808445163700, 13495005184768011, 46141496098515077] out=[68640156480582529, 23808472994909028, 10483752606116644, 67096604213279292, 29709176561225103, 21647808445163700, 13495005184768011, 46141496098515077]
REDUCE in=[62778061716258657, 10853412720147388, 44567106321807648, 31625662234968548, 36836750253735184, 58180622853956777, 4966389010251831, 13029241528650415] out=[62778061716258657, 10853412720147388, 44567106321807648, 31625662234968548, 36836750253735184, 58180622853956777, 4966389010251831, 13029241528650415]
x=[98, 255, 72, 132, 80, 8, 223, 188, 251, 200, 17, 31, 143, 38, 32, 121, 250, 12, 140, 85, 158, 228, 65, 77, 75, 95, 91, 112, 17, 189, 141, 69, 212, 222, 130, 169, 100, 5, 222, 247, 178, 206, 55, 192, 197, 140, 231, 164, 17, 175, 10, 2, 177, 6, 74, 46]
y=[31, 52, 17, 76, 139, 211, 20, 168, 143, 184, 5, 143, 6, 46, 4, 178, 5, 209, 94, 233, 134, 87, 56, 119, 64, 162, 4, 126, 126, 144, 242, 109, 130, 173, 230, 10, 196, 132, 78, 153, 53, 126, 211, 247, 129, 49, 187, 76, 30, 214, 93, 89, 139, 107, 163, 117]
x+y=[129, 51, 90, 208, 219, 219, 243, 100, 139, 129, 23, 174, 149, 84, 36, 43, 0, 222, 234, 62, 37, 60, 122, 196, 139, 1, 96, 238, 143, 77, 128, 179, 86, 140, 105, 180, 40, 138, 44, 145, 232, 76, 11, 184, 71, 190, 162, 241, 47, 133, 104, 91, 60, 114, 237, 163]
x+y-y=[97, 255, 72, 132, 80, 8, 223, 188, 251, 200, 17, 31, 143, 38, 32, 121, 250, 12, 140, 85, 158, 228, 65, 77, 75, 95, 91, 112, 16, 189, 141, 69, 212, 222, 130, 169, 100, 5, 222, 247, 178, 206, 55, 192, 197, 140, 231, 164, 17, 175, 10, 2, 177, 6, 74, 46]

thread 'field448::tests::random_add_sub_identity' (235188) panicked at src\field448.rs:374:9:
x+y-y != x
note: run with `RUST_BACKTRACE=1` environment variable to display a backtrace
error: test failed, to rerun pass `--lib`
